Random matrix generated (display rounds to 3 digits)
     |    0.138    0.849    0.049    0.924    0.058    0.354 |
     |    0.838    0.867    0.903    0.918    0.290    0.699 |
     |    0.049    0.300    0.003    0.318    0.233    0.608 |
 A = |    0.724    0.008    0.875    0.435    0.283    0.306 |
     |    0.332    0.518    0.125    0.015    0.503    0.816 |
     |    0.762    0.940    0.368    0.348    0.357    0.418 |
Q R Decomposition
        |   -4.944   -0.931   10.810   -0.317   -8.298    6.447 |
        |    1.523    1.251   -4.854   -1.124    3.146   -1.640 |
        |    2.436    2.291   -8.498   -0.145    5.833   -4.813 |
 A^-1 = |    1.293   -1.611    1.483    1.562   -1.093    0.433 |
        |    7.223   -4.404  -10.576    4.591    8.848   -3.999 |
        |   -3.802    1.976    6.474   -1.993   -3.721    1.612 |

         |    1.000    0.000    0.000    0.000    0.000    0.000 |
         |    0.000    1.000    0.000    0.000    0.000    0.000 |
         |    0.000    0.000    1.000    0.000    0.000    0.000 |
 A^-1A = |    0.000    0.000    0.000    1.000    0.000    0.000 |
         |    0.000    0.000    0.000    0.000    1.000    0.000 |
         |    0.000    0.000    0.000    0.000    0.000    1.000 |

         |    1.000    0.000    0.000    0.000    0.000    0.000 |
         |    0.000    1.000    0.000    0.000    0.000    0.000 |
         |    0.000    0.000    1.000    0.000    0.000    0.000 |
 AA^-1 = |    0.000    0.000    0.000    1.000    0.000    0.000 |
         |    0.000    0.000    0.000    0.000    1.000    0.000 |
         |    0.000    0.000    0.000    0.000    0.000    1.000 |

   AA^-1 = 1 ...  PASSED (within 10^-9)
   A^-1 A= 1 ...  PASSED (within 10^-9)
