Random matrix generated (display rounds to 3 digits)
     |    0.820    0.485    0.786    0.654    0.469    0.322 |
     |    0.642    0.196    0.426    0.954    0.339    0.596 |
     |    0.950    0.087    0.888    0.526    0.497    0.922 |
 A = |    0.947    0.176    0.493    0.547    0.203    0.703 |
     |    0.106    0.781    0.086    0.923    0.834    0.789 |
     |    0.408    0.772    0.727    0.161    0.119    0.262 |
Q R Decomposition
        |    1.382   -1.636   -1.000    2.362    0.042   -0.922 |
        |    0.040   -0.657   -1.009    1.011    0.482    0.832 |
        |   -0.367    1.361    1.322   -2.275   -0.725    0.988 |
 A^-1 = |   -0.214    2.240   -0.480   -0.875   -0.311    0.136 |
        |    1.969   -2.043    0.659   -0.404    0.851   -1.563 |
        |   -2.015    0.260    0.855    0.380    0.327    0.685 |

         |    1.000    0.000   0.000    0.000   0.000   0.000 |
         |    0.000    1.000   0.000    0.000   0.000   0.000 |
         |   0.000   0.000    1.000   0.000    0.000   0.000 |
 A^-1A = |    0.000    0.000   0.000    1.000    0.000    0.000 |
         |    0.000   0.000    0.000    0.000    1.000   0.000 |
         |    0.000   0.000   0.000    0.000    0.000    1.000 |

         |    1.000    0.000   0.000    0.000   0.000   0.000 |
         |    0.000    1.000   0.000    0.000   0.000   0.000 |
         |   0.000   0.000    1.000   0.000    0.000   0.000 |
 AA^-1 = |    0.000    0.000   0.000    1.000    0.000    0.000 |
         |    0.000   0.000    0.000    0.000    1.000   0.000 |
         |    0.000   0.000   0.000    0.000    0.000    1.000 |

   A^-1 A= 1 ...  PASSED
 PASSED
