0 3.04159265358979 0.1
0.0518597457821777 3.04608838432295 0.0735978631935426
0.102548843471241 3.04919345946862 0.0490703886620787
0.153679287578889 3.05109145117708 0.0252742616255026
0.205719878361104 3.05179192225086 0.0016994246849167
0.258727818597629 3.05125443674066 -0.0219785800679446
0.312584582197956 3.0494245753047 -0.0460311421145977
0.367079834608941 3.04624671050224 -0.0707152632159641
0.421947945902194 3.04167026133287 -0.0962813184874418
0.476891863296686 3.03565369290107 -0.122970306721686
0.531605028765023 3.02816697741474 -0.151008181034675
0.585792761574789 3.01919237624688 -0.180600653592125
0.639191080985761 3.00872347733897 -0.211930116722656
0.691580446825718 2.99676277508563 -0.24515521432978
0.742792986081486 2.98331837530599 -0.280412777433767
0.792713364179142 2.96840048999934 -0.317821356611489
0.841274715191892 2.95201825824034 -0.357485474161505
0.888451585866033 2.93417719190695 -0.399499886643465
0.934251734954107 2.91487731075975 -0.443953435065992
0.978708148163913 2.89411186801692 -0.490932331192562
1.02187206777721 2.87186648810205 -0.540522917902625
1.06380737134211 2.84811852232613 -0.592814042890119
1.10458632618677 2.82283644623774 -0.647899222691338
1.14428658336444 2.79597914963948 -0.705878778740581
1.18298921544657 2.76749499132517 -0.766862123457175
1.22077760633576 2.73732049723903 -0.830970378663159
1.25773703784037 2.70537856843058 -0.898339531858277
1.29395486949776 2.67157602935892 -0.969124387831243
1.32952126786266 2.63580027995486 -1.04350366719929
1.36490520931597 2.59749426695919 -1.12255108062532
1.40061522176253 2.5559047792804 -1.20768988663472
1.43692488608118 2.51039612161826 -1.3000321132877
1.47404616139809 2.46028953916755 -1.40069422168227
1.51220767223551 2.40475558936642 -1.51098272514115
1.55170765027136 2.34269644869889 -1.63257131375221
1.59297770440312 2.2725602263601 -1.76776294073578
1.63669908910671 2.1919780269833 -1.91999449564903
1.68407584422637 2.09691052072778 -2.09502674570012
1.73742434928711 1.97963375611997 -2.30358058172861
1.79393150433594 1.84296256266699 -2.53541552897301
1.85401830144469 1.68299950111359 -2.78993945747455
1.90683200714501 1.52969626628969 -3.01524739512218
1.95278596269134 1.3866903018799 -3.20763432308565
1.99497254606742 1.24776692492914 -3.37695742773362
2.03405042380771 1.11289517577079 -3.5238189285227
2.0685174086282 0.989361603485819 -3.64245159783182
2.09956726026364 0.874744906956703 -3.73839156185519
2.12988034885982 0.760150137942363 -3.82025381824058
2.15880452467183 0.648670609927667 -3.88600496327736
2.18637904142225 0.540793834888111 -3.93625756867794
2.21283896283264 0.436138274696821 -3.97215701889802
2.23843674154639 0.334144891033646 -3.99472575309442
2.26339412128858 0.234297038981101 -4.00474130213273
2.28789767797315 0.13616683293886 -4.002762011901
2.31210594502308 0.0394080730817899 -3.98917534832288
2.33615795704239 -0.0562623517502802 -3.96423693525321
2.36018067517898 -0.151082092283043 -3.92809616676378
2.38429512545553 -0.245257456425915 -3.88081052196457
2.40862169740544 -0.338974407832221 -3.82235096773504
2.43328516100635 -0.432407477530407 -3.7525997409956
2.45841998620917 -0.525727642041043 -3.6713405122226
2.48417664068485 -0.6191101896359 -3.57823950539424
2.51072978555439 -0.71274372301553 -3.47281424139871
2.53828981390513 -0.80684189219111 -3.3543834617101
2.5671202620998 -0.901660515476159 -3.22198596262732
2.59756595152464 -0.997525175551339 -3.07424394712546
2.63010212484378 -1.09488024217144 -2.9091185299106
2.66380462298685 -1.18995544419206 -2.73208615770299
2.69849678825672 -1.28150914984048 -2.54540919963341
2.73443113668782 -1.36945644786379 -2.3491601292191
2.77213653790733 -1.45412610416538 -2.1418800819145
2.81249763257075 -1.536097658666 -1.92020452852486
2.85718549163317 -1.61645712363251 -1.67674019284196
2.91061876131066 -1.69837098763232 -1.39020119929203
2.96687352476884 -1.76824889333378 -1.09528337384734
3.01023928990354 -1.81091215887546 -0.873011133109305
3.05023415227193 -1.8417943080465 -0.67185229225461
3.08936739629442 -1.8642902986998 -0.478342283854816
3.12705869248479 -1.87885219279301 -0.294739291708857
3.16364601927866 -1.88641110864942 -0.118765982192195
3.19960223114769 -1.88760051205939 0.0523704711756256
3.2353569020795 -1.88270784963073 0.221131990625375
3.2712948850299 -1.87172994919404 0.389679068274148
3.30779886257996 -1.85439323319562 0.56009532746977
3.34531089609093 -1.83010755566383 0.734684088298198
3.38443062341198 -1.79781193768014 0.916418324854757
3.4261211131395 -1.75557343591511 1.10986433102867
3.47351962459632 -1.6977620171908 1.32946616689758
3.53486417488832 -1.60751703412329 1.61246015444473
3.59828275093463 -1.49606473874714 1.90147650337949
3.65214482060163 -1.38715843549421 2.14122036177621
3.69955849291009 -1.28077028543654 2.34500896132392
3.74563263001918 -1.16833956879426 2.53354092377826
3.78735443375853 -1.05925863070753 2.69342862955121
3.82531071519998 -0.954441676876664 2.82758592352706
3.86029257553539 -0.853529940459574 2.93977625127586
3.89459151557869 -0.750986571217286 3.03740929508212
3.92748991361602 -0.649696618983116 3.11807819387539
3.9589686890551 -0.55049956757208 3.18214563533548
3.9892335454314 -0.453424503516329 3.23067104147479
4.0185306072674 -0.358244979960936 3.26469329914484
4.04708833998387 -0.264691411393134 3.2850515886595
4.07510610752301 -0.172519434110959 3.2923786325967
4.10275744450907 -0.0815246780503124 3.28713437058091
4.13019672453138 0.00845970713201491 3.26963983165491
4.15756575903044 0.0975695103829736 3.24010195441156
4.18499960151537 0.185915619284527 3.19862900517324
4.21263169669419 0.273588812357814 3.14523797672008
4.24059875203307 0.360663129212065 3.0798550313847
4.26904577830806 0.447197994394547 3.0023092353096
4.2981318142318 0.533239241002417 2.9123188525477
4.32803699564432 0.618819065751687 2.80946823995984
4.35897192385695 0.703954788154028 2.69317158558737
4.39119085460974 0.788646061876835 2.56261672555341
4.42501133248959 0.872869826416661 2.41667672935066
4.45956845724088 0.95369063038695 2.25969766440927
4.49434368103282 1.02942846064785 2.09523809549185
4.52927967691446 1.09966439725109 1.9248981388791
4.56447659849106 1.16433544413109 1.74940676331428
4.60007535618173 1.22340937342371 1.56912822752222
4.63621388996603 1.27677908788524 1.38429440911144
4.67300538627142 1.3242310087884 1.195141006246
4.71051443855763 1.36543754699002 1.00204933782184
4.74871311696765 1.39996343799644 0.80578032973945
4.78953703311008 1.42859199515923 0.596983260351803
4.83420311653205 1.45018366143028 0.370160325055491
4.88365355671963 1.46232731112722 0.121465439809223
4.93824064940803 1.46153905558803 -0.149692970224008
4.99660481369687 1.44444454750571 -0.435260461356656
5.0512992108742 1.41342282579442 -0.698264311061649
5.10058340280103 1.3732594173907 -0.930799149628807
5.14852999730882 1.32330197897622 -1.15215388093094
5.19462274687536 1.26539534510822 -1.35940866552397
5.239371835989 1.20017729742491 -1.55420461537538
5.28303833630719 1.12829338411675 -1.73678175441183
5.3258667171615 1.05022800833172 -1.90706632284381
5.36813186015817 0.96625102292927 -2.06483895880041
5.41014760931954 0.876405723758368 -2.20969056186431
5.45110446620777 0.783237031959481 -2.33749244022437
5.4902134708144 0.689660713747152 -2.44543764122949
5.52746448454385 0.596870853715024 -2.53395528520309
5.56310928743068 0.505250042287629 -2.60436205430195
5.59745123093638 0.41484884091774 -2.65799369713088
5.63077466303837 0.32560319308427 -2.69596168012843
5.66332892603312 0.237423069143663 -2.71912792005655
5.69533082175996 0.150224945384122 -2.7281390076959
5.72697193251502 0.0639419291710308 -2.72346673236923
5.75842627816789 -0.0214740759020522 -2.70544042523186
5.7898571638269 -0.106052423276713 -2.67426908734385
5.8214232179858 -0.189803821048676 -2.63005442170389
5.85328396669155 -0.272719655657464 -2.57279607797419
5.88560538709495 -0.354770158719689 -2.50238978139999
5.91856594326275 -0.435901082748648 -2.41861815499533
5.95236371759266 -0.516028406429954 -2.32113300746616
5.98722547656451 -0.595030285302651 -2.20942645752928
6.02341894276869 -0.672734934190847 -2.08278608126733
6.06028350190508 -0.7469856827866 -1.9440608488795
6.0968577234032 -0.815441719582046 -1.79814532453247
6.13289649007109 -0.877549565650224 -1.64762631692129
6.16839042652159 -0.933317684965862 -1.49403758153615
6.20337255614165 -0.982871925452617 -1.3385235075609
6.23784664916353 -1.02632794701208 -1.18215740320583
6.27175963655176 -1.06377687058594 -1.02610063095813
6.3049879437616 -1.09530987239405 -0.871695751734903
6.33845717138847 -1.12186797561554 -0.715241430800304
6.37272592860748 -1.14362603146949 -0.554605980738475
6.4080003113483 -1.16027223391761 -0.389285433195762
6.44432375434486 -1.17132699713651 -0.21956088213404
6.48163239993749 -1.17628086153201 -0.046248504819967
6.51976938919405 -1.17468934392679 0.129373042057004
6.55849564921711 -1.16625797130993 0.305629168579883
6.5975140011701 -1.15090930239561 0.480584511219571
6.63650933292226 -1.12880950076588 0.652251772178648
6.67519534144565 -1.10034068144006 0.81882061064094
6.71335289442392 -1.06602825183255 0.978831304270437
6.7508496264515 -1.02645088072568 1.13124605050799
6.78879216220746 -0.980689437625742 1.27984126654838
6.82763646722632 -0.928126824261151 1.42521312213704
6.86748402771692 -0.868496294366228 1.56619764690615
6.90836904193229 -0.801667944013262 1.70107373339771
6.9503715226132 -0.727508893491593 1.82794351430252
6.99365728674136 -0.645801629671618 1.94475029204741
7.03624500714915 -0.560800764249567 2.04433416822804
7.07754395217086 -0.474649141494421 2.12500433245698
7.11754546433101 -0.388349108215424 2.1870854624334
7.15644444622248 -0.302358392960959 2.23143093242759
7.19448784630474 -0.216893946560429 2.25889330275574
7.23192210084153 -0.132073707778214 2.27017296792026
7.26897955970292 -0.047980312870673 2.26579573237628
7.30587905984233 0.0353099069265949 2.24612576961557
7.34283117407625 0.117712381993965 2.21138233104075
7.3800448927443 0.199125127292705 2.16165072086441
7.41773493377802 0.279420780836816 2.09688504214643
7.45612985755563 0.358437684946719 2.01690174330402
7.49548166607638 0.435968425296614 1.92136249267345
7.53607803483143 0.511744079484376 1.80974332870206
7.57752536570478 0.584177374256832 1.68361812282225
7.61822520124456 0.649998758013673 1.54934800751681
7.65774672960907 0.708511761309562 1.41052513814638
7.69605497877645 0.759859311833008 1.26930737900564
7.7331933804628 0.804374559725901 1.12725786891671
7.7691742201418 0.842397731536221 0.985756385372482
7.80407181459443 0.874360214584008 0.845674761100209
7.83899064902216 0.901410937856237 0.703430739057817
7.87435363721099 0.923716287129018 0.557936904675831
7.91032881817308 0.941111490154028 0.409090701019908
7.94697321150112 0.953319176629491 0.257251843935183
7.98428266425242 0.960037497537246 0.103059379740958
8.02220995283916 0.960988363339301 -0.0526359508193807
8.06067407379154 0.955952563633287 -0.208810367535421
8.09956961242489 0.944796562359238 -0.36431059653043
8.13877911369817 0.927488203340775 -0.517911780112444
8.17818817133595 0.904097560455264 -0.66838501747185
8.21770117806279 0.874781804413657 -0.814561989021407
8.25725527307959 0.839756844625837 -0.955382951992653
8.29683086989531 0.799261260916985 -1.08991900447784
8.33732096476177 0.752467306883664 -1.22005191401754
8.37944603238127 0.698377043315206 -1.34631915559283
8.42351892260859 0.63633016860637 -1.46724428095411
8.46979859094034 0.565746934513358 -1.58050483253898
8.51866327437427 0.485930323346828 -1.68323397919912
8.56779640163093 0.401075235533806 -1.76747248431653
8.61614984822531 0.314008169963257 -1.83033856522085
8.66357277425913 0.226146699072028 -1.87164405458953
8.71025428613614 0.138221920175803 -1.89194608538449
8.7564947106762 0.050662391718346 -1.89184239930758
8.80262488297253 -0.0362210188951551 -1.871759218639
8.84898533531511 -0.12214671768054 -1.83190264891059
8.89592888352648 -0.206815158855528 -1.77225088258806
8.94383326471405 -0.289875881219819 -1.6925447781568
8.99312035025407 -0.370895125374925 -1.5922608815338
9.0442832536955 -0.449314978726964 -1.47055616696074
9.09454141196256 -0.519889918069317 -1.33573832111173
9.14281731753543 -0.580995839712694 -1.1941020176257
9.18899730865063 -0.632826245017921 -1.04936025388244
9.23317545889125 -0.675994595116518 -0.904028262634278
9.27647468226119 -0.711957904276013 -0.756484073940879
9.31993097677269 -0.741541863115977 -0.604631485941168
9.36401340261026 -0.764748255844945 -0.447992017401838
9.40896793371969 -0.781265562620027 -0.286810180623443
9.45494079655322 -0.790652674953366 -0.121731388954538
9.50202581285434 -0.792419141613764 0.0463082699711823
9.55028727384242 -0.786071153882531 0.216121445234493
9.59977879621516 -0.771141311507011 0.386296076256767
9.650567242559 -0.747200945848054 0.555229931549543
9.70276646838112 -0.713846111020611 0.721172400591738
9.75658511026763 -0.670645099707318 0.882257183497546
9.81239690647378 -0.617030483151549 1.03649730401375
9.87138295790052 -0.551478019816839 1.18292356581914
9.93654147561656 -0.469728801128682 1.32185354733404
10 -0.382228515459048 1.4311926243767
