                  |   23.400  -23.400 |
                  |   20.000  -40.000 |
                  |   17.600  -52.800 |
                  |   14.400  -57.600 |
Matrix to solve A=|   10.600  -63.600 |
                  |   29.500 -265.500 |
                  |   25.200 -252.000 |
                  |   15.200 -197.600 |
                  |   11.100 -166.500 |
 
           |    0.399    0.532 |
           |    0.341    0.374 |
           |    0.300    0.258 |
           |    0.246    0.153 |
Did get Q =|    0.181    0.027 |
           |    0.503   -0.281 |
           |    0.430   -0.341 |
           |    0.259   -0.390 |
           |    0.189   -0.374 |
 
           |   58.622 -389.182 |
Did get R =|    0.000  248.189 |
After forward substitution now OUT = R A^p
          |   23.400   20.000   17.600   14.400   10.600   29.500   25.200   15.200   11.100 |
RT*OUT   =|  -23.400  -40.000  -52.800  -57.600  -63.600 -265.500 -252.000 -197.600 -166.500 |


            |   23.400   20.000   17.600   14.400   10.600   29.500   25.200   15.200   11.100 |
A^T (same) =|  -23.400  -40.000  -52.800  -57.600  -63.600 -265.500 -252.000 -197.600 -166.500 |
After backwards substitution now OUT = A^p
           |   23.400   20.000   17.600   14.400   10.600   29.500   25.200   15.200   11.100 |
R^T*R*OUT =|  -23.400  -40.000  -52.800  -57.600  -63.600 -265.500 -252.000 -197.600 -166.500 |


           |   23.400   20.000   17.600   14.400   10.600   29.500   25.200   15.200   11.100 |
A^T (same)=|  -23.400  -40.000  -52.800  -57.600  -63.600 -265.500 -252.000 -197.600 -166.500 |


         |    0.021    0.016    0.012    0.008    0.004    0.001   -0.002   -0.006   -0.007 |
p-inverse|    0.002    0.002    0.001    0.001    0.000   -0.001   -0.001   -0.002   -0.002 |
 
              |    1.000   0.000 |
p-inverse * A=|    0.000    1.000 |
 
              |    0.442    0.335    0.257    0.179    0.087    0.052   -0.010   -0.104   -0.123 |
              |    0.335    0.256    0.199    0.141    0.072    0.067    0.019   -0.057   -0.075 |
              |    0.257    0.199    0.157    0.113    0.061    0.079    0.041   -0.023   -0.040 |
              |    0.179    0.141    0.113    0.084    0.049    0.081    0.053    0.004   -0.011 |
A * p-inverse=|    0.087    0.072    0.061    0.049    0.033    0.083    0.068    0.036    0.024 |
              |    0.052    0.067    0.079    0.081    0.083    0.332    0.312    0.240    0.200 |
              |   -0.010    0.019    0.041    0.053    0.068    0.312    0.301    0.244    0.209 |
              |   -0.104   -0.057   -0.023    0.004    0.036    0.240    0.244    0.219    0.195 |
              |   -0.123   -0.075   -0.040   -0.011    0.024    0.200    0.209    0.195    0.176 |
 
                       |    0.001    0.000 |
p-inverse * p-inverse^T|    0.000    0.000 |
Fit done with parameters: ln(a)= 4.95112516950656, λ= 0.172070796448845 
                    |    0.001    0.000 |
Covariance matrix = |    0.000    0.000 |
Estimated activity λ = 0.172070796448845 ± 0.00402918677701604 halflife 4.02826740426003 ± 0.0943253712686475 days, compared to modern 3.6319 d
