-1 -0.841470984807897 0.54030230586814 -0.84270068974759
-0.875 -0.767543502236027 0.640996858163325 -0.784074925009414
-0.75 -0.681638760023334 0.731688868873821 -0.711155569636656
-0.625 -0.585097272940462 0.810963119505218 -0.623240952417462
-0.5 -0.479425538604203 0.877582561890373 -0.520500016304747
-0.375 -0.366272529086048 0.930507621912314 -0.40411694412452
-0.25 -0.247403959254523 0.968912421710645 -0.276326261353527
-0.125 -0.124674733385228 0.992197667229329 -0.140316192477912
0 0 1 9.99999971718069E-10
0.125 0.124674733385228 0.992197667229329 0.140316192477912
0.25 0.247403959254523 0.968912421710645 0.276326261353527
0.375 0.366272529086048 0.930507621912314 0.40411694412452
0.5 0.479425538604203 0.877582561890373 0.520500016304747
0.625 0.585097272940462 0.810963119505218 0.623240952417462
0.75 0.681638760023334 0.731688868873821 0.711155569636656
0.875 0.767543502236027 0.640996858163325 0.784074925009414
1 0.841470984807897 0.54030230586814 0.84270068974759
