Random matrix generated (display rounds to 3 digits)
     |    0.439    0.461    0.791    0.280    0.780    0.774 |
     |    0.494    0.054    0.244    0.802    0.243    0.414 |
     |    0.860    0.082    0.617    0.042    0.658    0.061 |
 A = |    0.975    0.039    0.414    0.506    0.400    0.010 |
     |    0.414    0.998    0.321    0.940    0.313    0.710 |
     |    0.990    0.899    0.368    0.592    0.273    0.084 |
Q R Decomposition
        |   -4.855   21.724   14.964  -28.853   -9.660   11.787 |
        |   -0.026   -2.876   -0.755    2.125    1.830   -0.756 |
        |   13.804  -30.153  -30.587   44.601    5.842  -10.881 |
 A^-1 = |    3.186  -16.534  -11.910   23.633    7.983   -9.435 |
        |   -6.352   -1.260    9.859   -2.485    7.533   -5.824 |
        |   -4.796   27.462   17.595  -36.532  -12.063   14.171 |

         |    1.000    0.000    0.000    0.000    0.000    0.000 |
         |    0.000    1.000    0.000    0.000    0.000    0.000 |
         |    0.000    0.000    1.000    0.000    0.000    0.000 |
 A^-1A = |    0.000    0.000    0.000    1.000    0.000    0.000 |
         |    0.000    0.000    0.000    0.000    1.000    0.000 |
         |    0.000    0.000    0.000    0.000    0.000    1.000 |

         |    1.000    0.000    0.000    0.000    0.000    0.000 |
         |    0.000    1.000    0.000    0.000    0.000    0.000 |
         |    0.000    0.000    1.000    0.000    0.000    0.000 |
 AA^-1 = |    0.000    0.000    0.000    1.000    0.000    0.000 |
         |    0.000    0.000    0.000    0.000    1.000    0.000 |
         |    0.000    0.000    0.000    0.000    0.000    1.000 |

   A^-1 A= 1 ...  PASSED
 PASSED
