Random matrix generated (display rounds to 3 digits)
     |    0.265    0.444    0.496    0.793    0.308    0.665 |
     |    0.902    0.436    0.707    0.360    0.978    0.478 |
     |    0.232    0.741    0.122    0.994    0.021    0.738 |
 A = |    0.209    0.476    0.935    0.583    0.276    0.009 |
     |    0.001    0.391    0.114    0.434    0.135    0.649 |
     |    0.105    0.590    0.998    0.293    0.101    0.203 |
Q R Decomposition
        |    2.015    0.642    1.436   -2.967   -4.655    1.680 |
        |   -4.583    0.636    1.426    1.505    2.602   -0.055 |
        |    2.001   -0.335   -0.808   -0.831   -1.271    1.267 |
 A^-1 = |    1.083   -0.510    0.170    1.347   -0.507   -1.400 |
        |   -2.762    0.633   -1.149    3.317    4.422   -2.549 |
        |    2.259   -0.116   -0.593   -2.349   -0.379    1.276 |

         |    1.000    0.000    0.000    0.000    0.000    0.000 |
         |    0.000    1.000    0.000    0.000    0.000    0.000 |
         |    0.000    0.000    1.000    0.000    0.000    0.000 |
 A^-1A = |    0.000    0.000    0.000    1.000    0.000    0.000 |
         |    0.000    0.000    0.000    0.000    1.000    0.000 |
         |    0.000    0.000    0.000    0.000    0.000    1.000 |

         |    1.000    0.000    0.000    0.000    0.000    0.000 |
         |    0.000    1.000    0.000    0.000    0.000    0.000 |
         |    0.000    0.000    1.000    0.000    0.000    0.000 |
 AA^-1 = |    0.000    0.000    0.000    1.000    0.000    0.000 |
         |    0.000    0.000    0.000    0.000    1.000    0.000 |
         |    0.000    0.000    0.000    0.000    0.000    1.000 |

   A^-1 A= 1 ...  PASSED
 PASSED
