-3 -0.339058965857273
-2.875 -0.384205641299974
-2.75 -0.425972286377843
-2.625 -0.463779730843346
-2.5 -0.497096013352229
-2.375 -0.525434185730778
-2.25 -0.548378345905746
-2.125 -0.565570426441997
-2 -0.576724813399999
-1.875 -0.581630927556186
-1.75 -0.580156200401622
-1.625 -0.572248355063079
-1.5 -0.557936510268784
-1.375 -0.537331193579963
-1.25 -0.510623373358529
-1.125 -0.478081810861175
-1 -0.440050627669097
-0.875 -0.396944495190434
-0.75 -0.349243594252835
-0.625 -0.297487527230074
-0.5 -0.242268421516328
-0.375 -0.184223317532918
-0.25 -0.124026129781349
-0.125 -0.0623780092176565
0 0
0.125 0.0623780092176567
0.25 0.124026129781349
0.375 0.184223317532918
0.5 0.242268421516328
0.625 0.297487527230074
0.75 0.349243594252835
0.875 0.396944495190434
1 0.440050627669097
1.125 0.478081810861175
1.25 0.510623373358529
1.375 0.537331193579963
1.5 0.557936510268784
1.625 0.57224835506308
1.75 0.580156200401622
1.875 0.581630927556186
2 0.576724813399999
2.125 0.565570426441997
2.25 0.548378345905746
2.375 0.525434185730779
2.5 0.497096013352229
2.625 0.463779730843346
2.75 0.425972286377844
2.875 0.384205641299974
3 0.339058965857274
