-3.0 -0.3390589585259365
-2.739130434782609 -0.4294250899047376
-2.4782608695652173 -0.5023927860129828
-2.217391304347826 -0.5534306404484779
-1.9565217391304348 -0.5791483986674852
-1.6956521739130435 -0.5775086286811533
-1.4347826086956523 -0.547960884868204
-1.173913043478261 -0.4914897681179868
-0.9130434782608696 -0.41057345168178544
-0.6521739130434785 -0.30905464039245234
-0.3913043478260869 -0.1919312288578812
-0.1304347826086958 -0.0650787947578699
0.13043478260869534 0.06507879475786968
0.3913043478260869 0.1919312288578812
0.652173913043478 0.3090546403924522
0.9130434782608696 0.41057345168178544
1.1739130434782608 0.49148976811798667
1.4347826086956523 0.547960884868204
1.695652173913043 0.5775086286811533
1.9565217391304346 0.5791483986674855
2.217391304347826 0.5534306404484779
2.478260869565217 0.5023927860129829
2.7391304347826084 0.4294250899047377
3.0 0.3390589585259365
