-3 -0.999977878183746 56 1.99997789202048 152
-2.875 -0.999952120498609 56 1.99960471988114 120
-2.75 -0.999899364192553 56 1.9997242786778 112
-2.625 -0.999794624475268 56 1.99970895512102 104
-2.5 -0.999593063897966 56 1.99955243200408 120
-2.375 -0.999217092638692 56 1.99919836865783 120
-2.25 -0.998537325937439 56 1.99852838629704 112
-2.125 -0.997345627682511 48 1.99734230561642 120
-2 -0.995322065658113 48 1.99532101437559 96
-1.875 -0.991989972857186 48 1.99198983392909 88
-1.75 -0.986671664087289 48 1.98667129583974 96
-1.625 -0.978443768446989 48 1.97848772734244 80
-1.5 -0.966105196337888 48 1.96610509010531 104
-1.375 -0.948170138716546 40 1.9481700451441 104
-1.25 -0.922900111526323 32 1.92290031018679 96
-1.125 -0.888388222381254 32 1.88838821066 96
-1 -0.842700786678431 32 1.84270146152284 88
-0.875 -0.784075056331063 32 1.78407517328455 96
-0.75 -0.711155227451777 24 1.71115542594867 88
-0.625 -0.623240609726938 24 1.62324089942584 80
-0.5 -0.520499936920214 16 1.52050020195763 72
-0.375 -0.404116865187404 16 1.4041169046753 80
-0.25 -0.276326357379288 16 1.27632634286382 80
-0.125 -0.140316198944738 16 1.14031615316716 80
0 0 8 0.99999995974622 80
0.125 0.140316198944738 16 0.859687081356657 64
0.25 0.276326357379288 16 0.723672908008448 56
0.375 0.404116865187404 16 0.595883138043936 64
0.5 0.520499936920214 16 0.479500127840643 64
0.625 0.623240609726938 24 0.37675947769793 56
0.75 0.711155227451777 24 0.288844490099176 56
0.875 0.784075056331063 32 0.215927421926533 48
1 0.842700786678431 32 0.157299287672758 48
1.125 0.888388222381254 32 0.111611791499865 48
1.25 0.922900111526323 32 0.0770998690964147 48
1.375 0.948170138716546 40 0.0518299165632737 48
1.5 0.966105196337889 48 0.0338948432303076 48
1.625 0.978443768446989 48 0.0215709812766665 24
1.75 0.986671664087289 48 0.0133284917630072 32
1.875 0.991989972857186 48 0.00801008243454232 32
2 0.995322065658113 48 0.00467782508134145 32
2.125 0.997345627682511 48 0.00265307848152497 24
2.25 0.998537325937439 56 0.00146218082552855 24
2.375 0.999217092638692 56 0.000782341906944119 16
2.5 0.999593063897967 56 0.000406559791274551 16
2.625 0.999794624475268 56 0.000205141191413771 16
2.75 0.999899364192553 56 0.000100492133132736 16
2.875 0.999952120498609 56 4.61651785302133E-05 8
3 0.999977878183746 56 2.08916658889889E-05 8
